000019
000030
000039
000048
000063
000077
000093
000107
000118
000129
000138
000147
000159
000169
000180
000193
000208
000218
000225
000236
000249
000262
000275
000289
000304
000312
000323
000334
000344
000359
000374
000391
000404
000417
000430
000443
000460
000469
000482
000492
000501
000515
000523
000531
000544
000555
000579
000590
000601
000613
000628
000647
000660
000675
000685
000695
000709
000717
000731
000746
000755
000767
000776
000791
000800
000810
000820
000829
000843
000851
000862
000872
000882
000895
000903
000915
000923
000936
000949
000964
000973
000991
001002
001012
001027
001045
001060
001069
001078
001092
001106
001119
001130
001144
001152
001164
001174
001186
001200
001207
001221
001231
001240
001258
001268
001277
001288
001298
001312
001325
001334
001348
001364
001384
001393
001405
001418
001432
001443
001455
001466
001479
001486
001497
001510
001522
001531
001543
001555
001565
001582
001595
001608
001618
001633
001647
001661
001677
001685
001693
001714
001725
001733
001747
001756
001768
001780
001793
001806
001821
001833
001842
001854
001864
001881
001896
001904
001920
001932
001940
001952
001964
001978
001995
002006
002021
002030
002043
002055
002067
002086
002096
002108
002120
002134
002145
002156
002170
002179
002186
002194
002208
002218
002228
002244
002255
002263
002272
002280
002290
002306
002318
002329
002337
002348
002361
002369
002376
002387
002404
002415
002427
002441
002450
002460
002470
002479
002492
002501
002513
002524
002539
002547
002561
002569
002585
002595
002606
002621
002635
002646
002658
002668
002680
002691
002702
002714
002723
002737
002749
002762
002774
002783
002795
002804
002817
002835
002845
002859
002870
002884
002899
002914
002931
002938
002944
002956
002965
002977
002989
003002
003009
003023
003034
003047
003058
003072
003085
003093
003105
003116
003124
003135
003146
003157
003165
003178
003188
003202
003213
003228
003240
003253
003260
003272
003284
003296
003308
003327
003338
003351
003362
003373
003382
003396
003406
003415
003422
003435
003449
003458
003468
003489
003499
003511
003524
003537
003551
003566
003585
003594
003605
003618
003627
003636
003645
003656
003664
003675
003688
003698
003706
003717
003735
003751
003760
003779
003788
003797
003809
003821
003834
003846
003857
003866
003876
003889
003905
003918
003932
003945
003954
003965
003974
003988
003996
004009
004015
004025
004037
004057
004073
004087
004100
004111
004129
004138
004146
004163
004174
004191
004200
004212
004228
004239
004253
004263
004272
004281
004292
004303
004318
004327
004341
004352
004364
004371
004386
004396
004421
004433
004441
004459
004471
004488
004498
004509
004519
004530
004542
004553
004566
004581
004592
004605
004618
004628
004643
004652
004662
004676
004687
004699
004708
004722
004742
004753
004773
004785
004793
004805
004818
004831
004840
004850
004866
004876
004890
004903
004913
004935
004948
004956
004966
004976
004986
004995
005004
005020
005029
005042
005056
005064
005073
005085
005101
005111
005128
005136
005150
005168
005177
005189
005203
005215
005224
005242
005254
005263
005273
005288
005303
005311
005320
005336
005345
005352
005367
005374
005385
005395
005406
005416
005423
005434
005445
005455
005470
005485
005499
005514
005522
005535
005547
005563
005577
005586
005599
005608
005618
005631
005644
005654
005664
005679
005693
005701
005714
005728
005736
005747
005760
005769
005783
005791
005806
005817
005826
005838
005850
005859
005868
005879
005893
005903
005911
005920
005947
005960
005971
005984
005992
006004
006020
006029
006042
006061
006070
006084
006097
006107
006124
006133
006141
006156
006166
006176
006184
006196
006208
006216
006223
006234
006243
006254
006264
006276
006285
006296
006306
006321
006337
006348
006355
006369
006382
006396
006417
006427
006436
006444
006455
006465
006474
006484
006499
006512
006529
006542
006551
006565
006578
006593
006605
006617
006626
006636
006648
006661
006671
006681
006694
006702
006709
006726
006736
006751
006762
006773
006786
006802
006813
006825
006836
006844
006852
006864
006874
006886
006900
006912
006922
006934
006945
006953
006965
006981
006994
007007
007020
007031
007040
007050
007062
007072
007079
007090
007101
007114
007128
007139
007148
007159
007168
007184
007194
007210
007216
007227
007244
007258
007270
007280
007294
007300
007318
007330
007350
007365
007375
007389
007410
007419
007431
007438
007449
007461
007474
007482
007491
007511
007524
007533
007543
007558
007570
007579
007600
007612
007622
007637
007650
007662
007670
007678
007687
007697
007712
007723
007735
007746
007758
007768
007779
007795
007812
007821
007836
007847
007859
007872
007884
007898
007908
007916
007925
007935
007950
007963
007976
007996
008004
008019
008032
008043
008057
008067
008079
008087
008100
008108
008122
008138
008150
008166
008175
008190
008203
008216
008225
008241
008253
008263
008280
008293
008300
008311
008318
008327
008341
008355
008370
008385
008397
008415
008426
008437
008449
008461
008470
008483
008498
008512
008521
008530
008542
008558
008573
008586
008601
008610
008621
008638
008654
008676
008691
008702
008717
008727
008738
008748
008756
008768
008775
008794
008809
008817
008833
008841
008856
008871
008879
008888
008909
008920
008930
008940
008953
008965
008971
008980
008989
009004
009018
009029
009039
009053
009066
009080
009094
009108
009121
009133
009148
009159
009168
009179
009187
009195
009208
009218
009238
009247
009255
009272
009283
009290
009306
009316
009327
009337
009349
009362
009375
009389
009405
009411
009419
009432
009440
009455
009461
009469
009480
009494
009504
009517
009526
009537
009546
009560
009571
009584
009596
009609
009618
009629
009644
009656
009668
009681
009692
009702
009711
009721
009734
009746
009756
009767
009780
009794
009807
009819
009831
009841
009855
009865
009874
009882
009897
009908
009923
009940
009949
009961
